2
Assets/Resources/img/param5f.png
500
-8.007134 0 12.00446
-1.951855 0 1.562134
0.3584274 0 -2.474173
0 0
0 0
-8.136394 0 12.10185
-2.051983 0 1.428064
0.2147802 0 -2.490757
0.008 0.001221241
0.008 0.2357232
-8.264052 0 12.18063
-2.211924 0 1.165071
0.1522138 0 -2.495362
0.016 0.002353229
0.016 0.2184957
-8.390085 0 12.23273
-2.402587 0 0.6910673
0.1179564 0 -2.497216
0.024 0.003382346
0.024 0.1986394
-8.514466 0 12.24989
-2.499222 0 -0.06237993
0.09685043 0 -2.498123
0.032 0.004329815
0.032 0.1828798
-8.637172 0 12.22385
-2.3107 0 -0.9542868
0.08294996 0 -2.498623
0.04 0.005276374
0.04 0.1827043
-8.758178 0 12.14666
-1.880168 0 -1.647717
0.07346903 0 -2.49892
0.048 0.006359452
0.048 0.2090551
-8.87746 0 12.01091
-1.444354 0 -2.04055
0.06694958 0 -2.499103
0.056 0.007723061
0.056 0.263203
-8.994996 0 11.81005
-1.11027 0 -2.239933
0.06257761 0 -2.499217
0.064 0.009479191
0.064 0.3389672
-9.110763 0 11.53862
-0.8730658 0 -2.342596
0.05989091 0 -2.499283
0.072 0.011706
0.072 0.4298164
-9.224734 0 11.19248
-0.7053793 0 -2.398424
0.05864451 0 -2.499312
0.08 0.01445583
0.08 0.530772
-9.336892 0 10.76914
-0.5847911 0 -2.430642
0.05875002 0 -2.49931
0.088 0.01776062
0.088 0.6378884
-9.447212 0 10.26778
-0.4962261 0 -2.450257
0.06025781 0 -2.499274
0.096 0.02163437
0.096 0.7477082
-9.555674 0 9.689474
-0.4299128 0 -2.462758
0.0633745 0 -2.499197
0.104 0.02607436
0.104 0.8570039
-9.662255 0 9.037172
-0.3794752 0 -2.471032
0.06852531 0 -2.499061
0.112 0.03106193
0.112 0.9626982
-9.766933 0 8.315669
-0.3406719 0 -2.47668
0.07649864 0 -2.498829
0.12 0.0365634
0.12 1.061889
-9.869692 0 7.531514
-0.3106199 0 -2.480628
0.0887753 0 -2.498423
0.128 0.04253122
0.128 1.151905
-9.970507 0 6.69281
-0.2873201 0 -2.483434
0.1083517 0 -2.497651
0.136 0.04890566
0.136 1.230389
-10.06936 0 5.808961
-0.2693633 0 -2.485446
0.1421656 0 -2.495955
0.144 0.05561677
0.144 1.295376
-10.16623 0 4.890374
-0.2557444 0 -2.486885
0.2104377 0 -2.491127
0.152 0.06258683
0.152 1.345357
-10.2611 0 3.948138
-0.2457435 0 -2.487893
0.4060272 0 -2.466808
0.16 0.06973293
0.16 1.379334
-10.35395 0 2.993627
-0.2388474 0 -2.488564
2.28555 0 -1.013046
0.168 0.07696968
0.168 1.396833
-10.44477 0 2.038181
-0.2346977 0 -2.488959
0.4998568 0 2.449519
0.176 0.08421198
0.176 1.397905
-10.53353 0 1.092749
-0.2330569 0 -2.489113
0.2532892 0 2.487136
0.184 0.09137759
0.184 1.383102
-10.62021 0 0.1675856
-0.2337862 0 -2.489045
0.1755632 0 2.493828
0.192 0.09838943
0.192 1.353418
-10.70481 0 -0.7279789
-0.2368324 0 -2.488757
0.1388401 0 2.496142
0.2 0.1051775
0.2 1.310223
-10.7873 0 -1.585776
-0.2422218 0 -2.488238
0.1183802 0 2.497196
0.208 0.1116803
0.208 1.255172
-10.86767 0 -2.398912
-0.2500614 0 -2.487463
0.1061134 0 2.497747
0.216 0.1178461
0.216 1.190121
-10.9459 0 -3.161821
-0.2605465 0 -2.486386
0.09864404 0 2.498053
0.224 0.1236332
0.224 1.11702
-11.02197 0 -3.870291
-0.2739781 0 -2.484942
0.09430706 0 2.498221
0.232 0.12901
0.232 1.037834
-11.09588 0 -4.521399
-0.2907932 0 -2.48303
0.09219748 0 2.498299
0.24 0.1339549
0.24 0.9544493
-11.1676 0 -5.113426
-0.3116155 0 -2.480503
0.09178317 0 2.498315
0.248 0.138455
0.248 0.8686146
-11.23712 0 -5.645715
-0.337341 0 -2.477136
0.09272653 0 2.49828
0.256 0.1425058
0.256 0.7818753
-11.30444 0 -6.118489
-0.3692832 0 -2.472576
0.09479138 0 2.498202
0.264 0.1461093
0.264 0.6955442
-11.36953 0 -6.532668
-0.40943 0 -2.466246
0.09778816 0 2.498087
0.272 0.1492731
0.272 0.610674
-11.43238 0 -6.889727
-0.4609206 0 -2.457143
0.1015378 0 2.497937
0.28 0.1520088
0.28 0.5280571
-11.49298 0 -7.191453
-0.5289847 0 -2.443394
0.1058471 0 2.497758
0.288 0.1543311
0.288 0.4482469
-11.55132 0 -7.439806
-0.6229439 0 -2.421144
0.1104935 0 2.497557
0.296 0.1562562
0.296 0.3715824
-11.60739 0 -7.636774
-0.7608967 0 -2.381394
0.1152216 0 2.497344
0.304 0.1578016
0.304 0.2982801
-11.66117 0 -7.784207
-0.9819117 0 -2.299098
0.1197535 0 2.49713
0.312 0.1589858
0.312 0.2285894
-11.71266 0 -7.883775
-1.379139 0 -2.08518
0.123815 0 2.496932
0.32 0.1598317
0.32 0.1632596
-11.76184 0 -7.936831
-2.116891 0 -1.329952
0.1271719 0 2.496763
0.328 0.1603776
0.328 0.1053716
-11.80871 0 -7.944407
-2.377053 0 0.7743524
0.1296705 0 2.496635
0.336 0.1607358
0.336 0.06915337
-11.85325 0 -7.907224
-1.47416 0 2.019122
0.1312672 0 2.496552
0.344 0.1611737
0.344 0.08451527
-11.89547 0 -7.825655
-0.9199767 0 2.324574
0.1320385 0 2.496511
0.352 0.1618668
0.352 0.1337763
-11.93534 0 -7.699809
-0.632408 0 2.41869
0.1321694 0 2.496504
0.36 0.1628629
0.36 0.19228
-11.97286 0 -7.529587
-0.463891 0 2.456584
0.1319254 0 2.496517
0.368 0.1641783
0.368 0.2538844
-12.00803 0 -7.314778
-0.3546109 0 2.474722
0.1316208 0 2.496533
0.376 0.1658208
0.376 0.3170401
-12.04083 0 -7.055151
-0.2784957 0 2.48444
0.1315936 0 2.496534
0.384 0.1677955
0.384 0.3811505
-12.07127 0 -6.750597
-0.2227093 0 2.49006
0.1321941 0 2.496503
0.392 0.1701051
0.392 0.4458015
-12.09933 0 -6.401215
-0.1802551 0 2.493493
0.133792 0 2.496417
0.4 0.1727501
0.4 0.5105301
-12.125 0 -6.007439
-0.1469976 0 2.495675
0.1368022 0 2.496254
0.408 0.1757278
0.408 0.5747632
-12.1483 0 -5.570171
-0.1203273 0 2.497103
0.1417355 0 2.495979
0.416 0.1790321
0.416 0.6377954
-12.1692 0 -5.090854
-0.09850651 0 2.498059
0.1492854 0 2.495539
0.424 0.1826525
0.424 0.6987982
-12.18771 0 -4.571567
-0.08032483 0 2.498709
0.1604831 0 2.494844
0.432 0.1865735
0.432 0.7568391
-12.20381 0 -4.015045
-0.06490545 0 2.499157
0.1769926 0 2.493727
0.44 0.1907748
0.44 0.8109193
-12.21752 0 -3.424753
-0.05159065 0 2.499468
0.2017352 0 2.491847
0.448 0.1952303
0.448 0.8600115
-12.22882 0 -2.804812
-0.03987061 0 2.499682
0.2403835 0 2.488416
0.456 0.1999092
0.456 0.9031057
-12.23772 0 -2.160013
-0.02933696 0 2.499828
0.3055747 0 2.481255
0.464 0.2047753
0.464 0.9392599
-12.24421 0 -1.495695
-0.01965106 0 2.499923
0.4320509 0 2.462383
0.472 0.2097885
0.472 0.9676416
-12.24829 0 -0.8176756
-0.01052122 0 2.499978
0.7580835 0 2.382291
0.48 0.214905
0.48 0.9875742
-12.24996 0 -0.1320958
-0.001685239 0 2.5
2.227582 0 1.134847
0.488 0.2200783
0.488 0.9985685
-12.24921 0 0.5547106
0.007103926 0 2.49999
1.059972 0 -2.264169
0.496 0.225261
0.496 1.000351
-12.24606 0 1.236385
0.01609091 0 2.499948
0.5171603 0 -2.445924
0.504 0.2304049
0.504 0.9928774
-12.2405 0 1.906677
0.02553052 0 2.49987
0.3434905 0 -2.47629
0.512 0.2354631
0.512 0.9763336
-12.23253 0 2.559638
0.03570127 0 2.499745
0.2611868 0 -2.486319
0.52 0.2403908
0.52 0.951129
-12.22215 0 3.189734
0.04692139 0 2.49956
0.2144834 0 -2.490782
0.528 0.2451461
0.528 0.9178714
-12.20937 0 3.791943
0.05956927 0 2.49929
0.1853043 0 -2.493123
0.536 0.2496914
0.536 0.8773383
-12.19418 0 4.361891
0.07411124 0 2.498901
0.1660783 0 -2.494478
0.544 0.2539938
0.544 0.8304348
-12.17659 0 4.895856
0.09114138 0 2.498338
0.1530854 0 -2.495308
0.552 0.2580252
0.552 0.7781498
-12.15661 0 5.390811
0.1114416 0 2.497515
0.1442812 0 -2.495833
0.56 0.2617632
0.56 0.7215111
-12.13424 0 5.844451
0.1360768 0 2.496294
0.1384382 0 -2.496164
0.568 0.2651905
0.568 0.6615317
-12.10948 0 6.255075
0.1665514 0 2.494446
0.1347568 0 -2.496366
0.576 0.2682948
0.576 0.5991747
-12.08233 0 6.621597
0.2050845 0 2.491574
0.132669 0 -2.496477
0.584 0.2710681
0.584 0.5353127
-12.05281 0 6.943417
0.2551166 0 2.486949
0.1317306 0 -2.496527
0.592 0.2735067
0.592 0.4707003
-12.02092 0 7.220301
0.3223148 0 2.479136
0.1315587 0 -2.496536
0.6 0.2756099
0.6 0.4059599
-11.98666 0 7.452307
0.4167357 0 2.465022
0.1317974 0 -2.496523
0.608 0.2773797
0.608 0.3415912
-11.95004 0 7.639644
0.5579685 0 2.436939
0.1321035 0 -2.496507
0.616 0.27882
0.616 0.2780167
-11.91107 0 7.782521
0.7888425 0 2.372283
0.1321515 0 -2.496505
0.624 0.2799376
0.624 0.2157153
-11.86975 0 7.881113
1.2143 0 2.185287
0.1316534 0 -2.496531
0.632 0.2807442
0.632 0.1556954
-11.82611 0 7.935387
2.033472 0 1.454301
0.1303894 0 -2.496598
0.64 0.2812698
0.64 0.1014452
-11.78013 0 7.945075
2.413037 0 -0.6536452
0.1282389 0 -2.496709
0.648 0.2816243
0.648 0.06843687
-11.73183 0 7.909602
1.616696 0 -1.906907
0.1251991 0 -2.496863
0.656 0.2820765
0.656 0.08727835
-11.68123 0 7.828058
1.105574 0 -2.242255
0.1213844 0 -2.497051
0.664 0.2828007
0.664 0.1397801
-11.62833 0 7.699208
0.8326801 0 -2.357254
0.1170021 0 -2.497261
0.672 0.2838518
0.672 0.2028835
-11.57314 0 7.521484
0.6692989 0 -2.408742
0.112316 0 -2.497476
0.68 0.2852561
0.68 0.2710455
-11.51567 0 7.293116
0.561317 0 -2.43617
0.1076064 0 -2.497683
0.688 0.2870331
0.688 0.3429995
-11.45594 0 7.012143
0.4847335 0 -2.452557
0.1031393 0 -2.497871
0.696 0.2892007
0.696 0.4183939
-11.39395 0 6.676571
0.4276536 0 -2.463151
0.09915033 0 -2.498033
0.704 0.2917757
0.704 0.497027
-11.32972 0 6.284548
0.3836043 0 -2.470394
0.09584267 0 -2.498162
0.712 0.2947734
0.712 0.578617
-11.26326 0 5.834437
0.3487929 0 -2.475549
0.09339843 0 -2.498255
0.72 0.2982067
0.72 0.6627018
-11.19458 0 5.325097
0.3208628 0 -2.479324
0.09199958 0 -2.498307
0.728 0.302085
0.728 0.7485814
-11.1237 0 4.756
0.2982806 0 -2.482142
0.09185916 0 -2.498312
0.736 0.3064126
0.736 0.8353049
-11.05063 0 4.127456
0.2800117 0 -2.484269
0.09326752 0 -2.49826
0.744 0.3111875
0.744 0.9216586
-10.97539 0 3.440758
0.2653401 0 -2.485879
0.09666712 0 -2.49813
0.752 0.3164004
0.752 1.006181
-10.89799 0 2.698343
0.2537646 0 -2.487087
0.1027895 0 -2.497886
0.76 0.322033
0.76 1.087198
-10.81844 0 1.903932
0.2449366 0 -2.487972
0.1129383 0 -2.497448
0.768 0.3280576
0.768 1.162868
-10.73677 0 1.062558
0.2386226 0 -2.488586
0.1296579 0 -2.496635
0.776 0.3344365
0.776 1.231247
-10.65298 0 0.1806033
0.2346832 0 -2.48896
0.1586036 0 -2.494964
0.784 0.3411217
0.784 1.290368
-10.56709 0 -0.7342207
0.2330615 0 -2.489113
0.2152179 0 -2.490719
0.792 0.3480553
0.792 1.338329
-10.47913 0 -1.673027
0.2337798 0 -2.489045
0.3612426 0 -2.473763
0.8 0.3551706
0.8 1.373386
-10.3891 0 -2.625886
0.2369428 0 -2.488746
1.294149 0 -2.138966
0.808 0.3623929
0.808 1.394048
-10.29703 0 -3.582091
0.2427481 0 -2.488187
0.6230069 0 2.421128
0.816 0.3696418
0.816 1.399168
-10.20293 0 -4.530394
0.2515043 0 -2.487317
0.2585241 0 2.486597
0.824 0.3768328
0.824 1.388018
-10.10683 0 -5.459404
0.2636601 0 -2.486058
0.1622569 0 2.494729
0.832 0.3838806
0.832 1.360348
-10.00874 0 -6.357881
0.2798484 0 -2.484288
0.1190405 0 2.497164
0.84 0.3907008
0.84 1.316428
-9.908671 0 -7.21511
0.3009531 0 -2.481819
0.09518804 0 2.498187
0.848 0.3972133
0.848 1.257058
-9.806658 0 -8.02127
0.3282106 0 -2.478362
0.08059181 0 2.498701
0.856 0.4033451
0.856 1.183552
-9.702715 0 -8.767715
0.3633655 0 -2.473452
0.07119569 0 2.498986
0.864 0.4090322
0.864 1.09771
-9.596863 0 -9.447288
0.4089169 0 -2.466331
0.06508083 0 2.499153
0.872 0.4142221
0.872 1.001746
-9.489122 0 -10.05449
0.4685121 0 -2.455707
0.06124802 0 2.499249
0.88 0.4188756
0.88 0.898218
-9.379513 0 -10.58565
0.5475886 0 -2.439292
0.05915621 0 2.4993
0.888 0.4229682
0.888 0.7899494
-9.26806 0 -11.03899
0.6544239 0 -2.412826
0.05852544 0 2.499315
0.896 0.426491
0.896 0.6799594
-9.154782 0 -11.41458
0.8017901 0 -2.367939
0.05924937 0 2.499298
0.904 0.4294513
0.904 0.5714095
-9.039703 0 -11.71433
1.009125 0 -2.287284
0.06136284 0 2.499247
0.912 0.4318742
0.912 0.4676562
-8.922845 0 -11.94175
1.30299 0 -2.133593
0.0650462 0 2.499154
0.92 0.4338035
0.92 0.3724043
-8.804231 0 -12.1018
1.703519 0 -1.829761
0.07066735 0 2.499001
0.928 0.4353067
0.928 0.2901565
-8.683885 0 -12.20065
2.160464 0 -1.257933
0.07888194 0 2.498755
0.936 0.436482
0.936 0.2268474
-8.56183 0 -12.24543
2.466595 0 -0.4073204
0.09084919 0 2.498349
0.944 0.437463
0.944 0.1893653
-8.438089 0 -12.24391
2.462019 0 0.4341233
0.1087189 0 2.497635
0.952 0.4383969
0.952 0.1802446
-8.312688 0 -12.20426
2.285477 0 1.013211
0.1368609 0 2.496251
0.96 0.4393893
0.96 0.1915642
-8.185652 0 -12.13476
2.106755 0 1.345951
0.1855701 0 2.493103
0.968 0.440482
0.968 0.2109127
-8.057004 0 -12.04359
1.983208 0 1.522133
0.2858828 0 2.4836
0.976 0.4416718
0.976 0.2296602
-7.926772 0 -11.93861
1.919005 0 1.602317
0.5906423 0 2.429226
0.984 0.4429342
0.984 0.2436483
-7.794979 0 -11.82715
1.90683 0 1.616787
2.457354 0 -0.4597937
0.992 0.4442366
0.992 0.2514006
-7.661653 0 -11.71591
1.939329 0 1.577657
0.5890445 0 -2.429615
1 0.4455469
1 0.2529021
-7.526819 0 -11.61083
2.010178 0 1.486333
0.3250483 0 -2.478779
1.008 0.4468368
1.008 0.2489918
-7.390504 0 -11.51696
2.112073 0 1.33759
0.2341597 0 -2.48901
1.016 0.4480858
1.016 0.2410662
-7.252734 0 -11.43847
2.233473 0 1.123209
0.1904914 0 -2.492732
1.024 0.4492823
1.024 0.2309443
-7.113537 0 -11.37858
2.355446 0 0.8377798
0.1668003 0 -2.494429
1.032 0.4504257
1.032 0.2207138
-6.97294 0 -11.33955
2.451989 0 0.4875953
0.1539877 0 -2.495253
1.04 0.4515268
1.04 0.2125295
-6.830971 0 -11.32267
2.498074 0 0.09811644
0.1484552 0 -2.495588
1.048 0.4526057
1.048 0.2082376
-6.687658 0 -11.32831
2.483161 0 -0.2896727
0.1489405 0 -2.495559
1.056 0.453688
1.056 0.2089008
-6.543029 0 -11.35593
2.417772 0 -0.6359071
0.1556692 0 -2.495149
1.064 0.454799
1.064 0.2144625
-6.397113 0 -11.40412
2.325651 0 -0.9172497
0.1705258 0 -2.494177
1.072 0.4559586
1.072 0.2238221
-6.249937 0 -11.47066
2.230677 0 -1.128751
0.1985038 0 -2.492107
1.08 0.4571774
1.08 0.2352566
-6.101532 0 -11.55259
2.149736 0 -1.276179
0.2530496 0 -2.48716
1.088 0.4584566
1.088 0.2469064
-5.951926 0 -11.64627
2.092476 0 -1.368044
0.3813995 0 -2.470736
1.096 0.4597886
1.096 0.2570992
-5.801148 0 -11.7475
2.063768 0 -1.410978
0.9138534 0 -2.326988
1.104 0.461159
1.104 0.2645147
-5.64923 0 -11.85161
2.065992 0 -1.40772
1.161863 0 2.213611
1.112 0.4625487
1.112 0.2682437
-5.496199 0 -11.95358
2.100171 0 -1.356202
0.3639314 0 2.473369
1.12 0.4639364
1.12 0.267844
-5.342087 0 -12.04819
2.165718 0 -1.248866
0.2071683 0 2.491401
1.128 0.465301
1.128 0.2633958
-5.186924 0 -12.13017
2.25834 0 -1.072335
0.1428441 0 2.495916
1.136 0.4666252
1.136 0.2556052
-5.03074 0 -12.19434
2.365456 0 -0.8090839
0.1086114 0 2.49764
1.144 0.4678994
1.144 0.2459372
-4.873566 0 -12.23578
2.460041 0 -0.445196
0.0878616 0 2.498456
1.152 0.469126
1.152 0.2367503
-4.715433 0 -12.24999
2.499972 0 0.01193923
0.07432767 0 2.498895
1.16 0.470324
1.16 0.2312533
-4.556372 0 -12.23307
2.446254 0 0.5155978
0.06514353 0 2.499151
1.168 0.4715311
1.168 0.2329839
-4.396414 0 -12.18182
2.295108 0 0.9912015
0.0588355 0 2.499308
1.176 0.4727986
1.176 0.2446485
-4.235592 0 -12.09389
2.084224 0 1.380584
0.05459486 0 2.499404
1.184 0.4741817
1.184 0.2669622
-4.073935 0 -11.9679
1.861692 0 1.668563
0.05197548 0 2.49946
1.192 0.4757283
1.192 0.2985271
-3.911477 0 -11.80344
1.659084 0 1.870144
0.05076159 0 2.499485
1.2 0.4774727
1.2 0.3367064
-3.74825 0 -11.60117
1.488756 0 2.008384
0.05091954 0 2.499481
1.208 0.479434
1.208 0.3785815
-3.584285 0 -11.36276
1.351783 0 2.103017
0.05261042 0 2.499446
1.216 0.4816174
1.216 0.4214329
-3.419614 0 -11.09093
1.244757 0 2.168082
0.05628187 0 2.499366
1.224 0.4840156
1.224 0.4629111
-3.254271 0 -10.78929
1.163311 0 2.21285
0.06293001 0 2.499208
1.232 0.4866115
1.232 0.5010285
-3.088287 0 -10.46226
1.103516 0 2.243268
0.07486403 0 2.498879
1.24 0.4893788
1.24 0.534156
-2.921696 0 -10.11501
1.062301 0 2.263077
0.09845424 0 2.498061
1.248 0.4922851
1.248 0.5609835
-2.754529 0 -9.753194
1.0375 0 2.274553
0.1591519 0 2.494929
1.256 0.4952927
1.256 0.5805218
-2.586821 0 -9.3829
1.027797 0 2.278955
0.5701368 0 2.434121
1.264 0.4983602
1.264 0.5920793
-2.418603 0 -9.010437
1.032663 0 2.276753
0.2796293 0 -2.484312
1.272 0.5014441
1.272 0.5952609
-2.24991 0 -8.642204
1.052356 0 2.267719
0.1047054 0 -2.497806
1.28 0.5045005
1.28 0.5899487
-2.080773 0 -8.284511
1.087964 0 2.250852
0.06129228 0 -2.499249
1.288 0.5074862
1.288 0.5762962
-1.911228 0 -7.94349
1.14154 0 2.22416
0.04174957 0 -2.499651
1.296 0.5103601
1.296 0.5547072
-1.741306 0 -7.624949
1.216302 0 2.184172
0.0306653 0 -2.499812
1.304 0.5130843
1.304 0.5258431
-1.571041 0 -7.334305
1.316892 0 2.12504
0.02351374 0 -2.499889
1.312 0.5156262
1.312 0.4906221
-1.400468 0 -7.076488
1.449509 0 2.036891
0.01848763 0 -2.499932
1.32 0.5179589
1.32 0.4502676
-1.229619 0 -6.855881
1.621352 0 1.90295
0.01472358 0 -2.499957
1.328 0.5200644
1.328 0.4064059
-1.058527 0 -6.676321
1.837558 0 1.695105
0.0117563 0 -2.499972
1.336 0.521936
1.336 0.3612556
-0.887228 0 -6.540996
2.091163 0 1.37005
0.009311427 0 -2.499983
1.344 0.5235834
1.344 0.3179638
-0.715754 0 -6.452493
2.340546 0 0.8785468
0.007214501 0 -2.49999
1.352 0.5250394
1.352 0.2810608
-0.544139 0 -6.412739
2.490642 0 0.2161108
0.005346107 0 -2.499994
1.36 0.5263687
1.36 0.256579
-0.3724171 0 -6.423002
2.448188 0 -0.5063363
0.003617233 0 -2.499997
1.368 0.5276669
1.368 0.250564
-0.2006218 0 -6.48386
2.234726 0 -1.120715
0.001953865 0 -2.499999
1.376 0.5290422
1.376 0.2654607
-0.02878705 0 -6.595178
1.958655 0 -1.553599
0.0002853408 0 -2.5
1.384 0.5305872
1.384 0.2982043
0.1430534 0 -6.756054
1.700522 0 -1.832546
-0.00146719 0 -2.5
1.392 0.5323635
1.392 0.3428586
0.3148656 0 -6.964829
1.487848 0 -2.009057
-0.003406105 0 -2.499998
1.4 0.5344038
1.4 0.3938194
0.4866159 0 -7.219007
1.321166 0 -2.122386
-0.005683204 0 -2.499994
1.408 0.5367187
1.408 0.4468167
0.6582704 0 -7.515242
1.193267 0 -2.196842
-0.008551837 0 -2.499985
1.416 0.5393022
1.416 0.4986719
0.8297955 0 -7.849262
1.096569 0 -2.246672
-0.0124891 0 -2.499969
1.424 0.5421357
1.424 0.5469093
1.001157 0 -8.215893
1.025069 0 -2.280183
-0.01853697 0 -2.499931
1.432 0.5451896
1.432 0.5894574
1.172322 0 -8.609017
0.9745317 0 -2.302236
-0.02952394 0 -2.499826
1.44 0.5484251
1.44 0.6245134
1.343256 0 -9.021602
0.942289 0 -2.315619
-0.05683719 0 -2.499354
1.448 0.551795
1.448 0.6504728
1.513926 0 -9.445744
0.9270359 0 -2.321768
-0.2534377 0 -2.487121
1.456 0.555245
1.456 0.6659113
1.684297 0 -9.872756
0.9287694 0 -2.321074
-0.1284208 0 2.496699
1.464 0.5587142
1.464 0.6696275
1.854338 0 -10.29328
0.9489167 0 -2.312911
-0.05591043 0 2.499375
1.472 0.5621371
1.472 0.6606824
2.024013 0 -10.69747
0.9907368 0 -2.295308
-0.03760757 0 2.499717
1.48 0.5654449
1.48 0.6384773
2.19329 0 -11.07517
1.060148 0 -2.264086
-0.02941346 0 2.499827
1.488 0.5685683
1.488 0.6028655
2.362136 0 -11.41622
1.167253 0 -2.210773
-0.02490536 0 2.499876
1.496 0.5714399
1.496 0.5542854
2.530516 0 -11.71065
1.328879 0 -2.117564
-0.02218962 0 2.499902
1.504 0.5739994
1.504 0.4940228
2.698399 0 -11.94905
1.571271 0 -1.944507
-0.0205156 0 2.499916
1.512 0.5761997
1.512 0.4246952
2.865751 0 -12.12284
1.922441 0 -1.598193
-0.01953518 0 2.499924
1.52 0.5780203
1.52 0.3514106
3.032539 0 -12.22458
2.335511 0 -0.8918446
-0.01907537 0 2.499927
1.528 0.5794945
1.528 0.2845607
3.19873 0 -12.24825
2.487023 0 0.2543931
-0.01905369 0 2.499928
1.536 0.5807613
1.536 0.2445045
3.364291 0 -12.18949
2.133176 0 1.303672
-0.01944378 0 2.499924
1.544 0.5820869
1.544 0.2558843
3.529191 0 -12.04577
1.65379 0 1.874828
-0.02026279 0 2.499918
1.552 0.5837375
1.552 0.3186007
3.693396 0 -11.81653
1.29111 0 2.140803
-0.02157132 0 2.499907
1.56 0.5858654
1.56 0.4107099
3.856874 0 -11.50323
1.045309 0 2.270975
-0.02348431 0 2.49989
1.568 0.588532
1.568 0.5147156
4.019594 0 -11.1093
0.8782372 0 2.340662
-0.02619725 0 2.499863
1.576 0.5917482
1.576 0.6208004
4.181522 0 -10.64002
0.7619529 0 2.381056
-0.03004003 0 2.49982
1.584 0.5954943
1.584 0.7230604
4.342628 0 -10.10239
0.6793033 0 2.40594
-0.03559092 0 2.499747
1.592 0.5997295
1.592 0.8174751
4.502878 0 -9.504832
0.6198822 0 2.42193
-0.04393961 0 2.499614
1.6 0.604398
1.6 0.9011087
4.662243 0 -8.856936
0.577238 0 2.432447
-0.05738321 0 2.499341
1.608 0.6094328
1.608 0.9718022
4.82069 0 -8.169128
0.5472726 0 2.439363
-0.08169463 0 2.498665
1.616 0.6147589
1.616 1.028055
4.978189 0 -7.452315
0.5273416 0 2.443749
-0.1365835 0 2.496266
1.624 0.6202971
1.624 1.068964
5.134708 0 -6.717586
0.5157418 0 2.446224
-0.3600637 0 2.473935
1.632 0.6259657
1.632 1.094167
5.290217 0 -5.975871
0.5114152 0 2.447132
-0.6960148 0 -2.401159
1.64 0.6316844
1.64 1.103808
5.444685 0 -5.237703
0.5137786 0 2.446637
-0.1983316 0 -2.492121
1.648 0.6373753
1.648 1.098456
5.598081 0 -4.51292
0.5226318 0 2.444761
-0.1223142 0 -2.497006
1.656 0.6429657
1.656 1.079046
5.750375 0 -3.810543
0.5381202 0 2.441399
-0.09256258 0 -2.498286
1.664 0.6483889
1.664 1.046797
5.901538 0 -3.138623
0.5607432 0 2.436302
-0.07728843 0 -2.498805
1.672 0.6535859
1.672 1.003127
6.05154 0 -2.504163
0.5914078 0 2.42904
-0.06844325 0 -2.499063
1.68 0.6585056
1.68 0.9495839
6.200352 0 -1.913103
0.6315413 0 2.418916
-0.06304703 0 -2.499205
1.688 0.663105
1.688 0.8877691
6.347942 0 -1.370317
0.6832864 0 2.404812
-0.05974092 0 -2.499286
1.696 0.6673496
1.696 0.8192815
6.494284 0 -0.8797181
0.7498288 0 2.384902
-0.05781521 0 -2.499331
1.704 0.6712127
1.704 0.7456811
6.639348 0 -0.4443026
0.8359379 0 2.3561
-0.05686087 0 -2.499353
1.712 0.6746759
1.712 0.6684675
6.783104 0 -0.06625652
0.9488544 0 2.312937
-0.05662341 0 -2.499359
1.72 0.677728
1.72 0.5891008
6.925526 0 0.252918
1.099687 0 2.245148
-0.05693475 0 -2.499352
1.728 0.6803654
1.728 0.5090697
7.066586 0 0.5123031
1.305201 0 2.132241
-0.05767936 0 -2.499335
1.736 0.6825935
1.736 0.4300574
7.206255 0 0.7114732
1.587791 0 1.931041
-0.05877726 0 -2.499309
1.744 0.684429
1.744 0.354308
7.344506 0 0.8503616
1.96054 0 1.551219
-0.06017598 0 -2.499276
1.752 0.6859078
1.752 0.2854329
7.481312 0 0.9292436
2.351931 0 0.8475982
-0.06184774 0 -2.499235
1.76 0.6870995
1.76 0.2300137
7.616645 0 0.9486532
2.493008 0 -0.1868449
-0.06378984 0 -2.499186
1.768 0.6881312
1.768 0.1991336
7.750479 0 0.9093666
2.223951 0 -1.141947
-0.06602711 0 -2.499128
1.776 0.6891837
1.776 0.2031612
7.882789 0 0.81236
1.809035 0 -1.725513
-0.06861613 0 -2.499058
1.784 0.6904217
1.784 0.2389545
8.013547 0 0.6588852
1.456946 0 -2.031578
-0.07165157 0 -2.498973
1.792 0.6919432
1.792 0.2936713
8.142728 0 0.4504359
1.197172 0 -2.194716
-0.075276 0 -2.498867
1.8 0.6937937
1.8 0.3571866
8.270308 0 0.1888227
1.008634 0 -2.2875
-0.07969576 0 -2.498729
1.808 0.6959901
1.808 0.4239398
8.396258 0 -0.1237762
0.869581 0 -2.343892
-0.08520792 0 -2.498548
1.816 0.6985332
1.816 0.4908844
8.520557 0 -0.4847991
0.7647808 0 -2.380149
-0.0922479 0 -2.498297
1.824 0.7014144
1.824 0.5561227
8.64318 0 -0.8911753
0.6842596 0 -2.404535
-0.1014766 0 -2.49794
1.832 0.7046175
1.832 0.6182668
8.764101 0 -1.339383
0.6214853 0 -2.421519
-0.1139487 0 -2.497402
1.84 0.7081206
1.84 0.676167
8.883299 0 -1.825351
0.5721019 0 -2.43366
-0.1314641 0 -2.496541
1.848 0.7118964
1.848 0.7287977
9.000748 0 -2.344463
0.5331424 0 -2.44249
-0.1573754 0 -2.495042
1.856 0.7159127
1.856 0.7752165
9.116426 0 -2.891622
0.5025493 0 -2.448968
-0.1987346 0 -2.492088
1.864 0.7201328
1.864 0.814566
9.230309 0 -3.461244
0.4788784 0 -2.453707
-0.2733134 0 -2.485015
1.872 0.7245163
1.872 0.8460875
9.342378 0 -4.047356
0.4611149 0 -2.457107
-0.4419233 0 -2.460631
1.88 0.7290192
1.88 0.8691515
9.452606 0 -4.643689
0.4485563 0 -2.45943
-1.103094 0 -2.243476
1.888 0.7335954
1.888 0.8832887
9.560975 0 -5.243803
0.4407377 0 -2.460844
-1.427987 0 2.052037
1.896 0.7381971
1.896 0.8882189
9.667462 0 -5.841222
0.4373858 0 -2.461442
-0.5131946 0 2.446759
1.904 0.7427762
1.904 0.8838721
9.772048 0 -6.429595
0.438391 0 -2.461262
-0.3146525 0 2.48012
1.912 0.7472857
1.912 0.8704146
9.87471 0 -7.002847
0.4437937 0 -2.460294
-0.2324467 0 2.48917
1.92 0.7516803
1.92 0.84824
9.975429 0 -7.555338
0.4537813 0 -2.458472
-0.1890823 0 2.492839
1.928 0.7559181
1.928 0.8179802
10.07418 0 -8.08201
0.4686951 0 -2.455672
-0.1635133 0 2.494647
1.936 0.7599616
1.936 0.780479
10.17096 0 -8.578501
0.4890449 0 -2.4517
-0.1477626 0 2.49563
1.944 0.7637788
1.944 0.7367622
10.26573 0 -9.041262
0.5155328 0 -2.446268
-0.1382021 0 2.496177
1.952 0.7673433
1.952 0.688013
10.35848 0 -9.467615
0.5490855 0 -2.438956
-0.1330037 0 2.496459
1.96 0.7706357
1.96 0.635513
10.44919 0 -9.855775
0.5908937 0 -2.429165
-0.1312108 0 2.496554
1.968 0.7736437
1.968 0.5806051
10.53785 0 -10.20489
0.642457 0 -2.41604
-0.1323501 0 2.496494
1.976 0.7763617
1.976 0.5246323
10.62444 0 -10.51495
0.7056267 0 -2.398352
-0.1362537 0 2.496284
1.984 0.778791
1.984 0.4688935
10.70893 0 -10.78677
0.7826323 0 -2.374339
-0.1429761 0 2.495908
1.992 0.7809389
1.992 0.4145977
10.79131 0 -11.02186
0.8760629 0 -2.341477
-0.1527559 0 2.495329
2 0.7828186
2 0.3628167
10.87158 0 -11.22228
0.9887513 0 -2.296164
-0.1659961 0 2.494483
2.008 0.7844478
2.008 0.3144641
10.9497 0 -11.39058
1.123478 0 -2.233338
-0.183241 0 2.493276
2.016 0.785848
2.016 0.2702567
11.02567 0 -11.52958
1.282377 0 -2.146045
-0.2051179 0 2.491571
2.024 0.7870433
2.024 0.2307132
11.09947 0 -11.64221
1.465932 0 -2.025104
-0.2321879 0 2.489194
2.032 0.7880595
2.032 0.1961347
11.17108 0 -11.73142
1.671507 0 -1.859049
-0.264614 0 2.485956
2.04 0.7889227
2.04 0.1666195
11.2405 0 -11.79994
1.891571 0 -1.634613
-0.3015363 0 2.481749
2.048 0.7896587
2.048 0.1420728
11.3077 0 -11.85023
2.111887 0 -1.337885
-0.3401497 0 2.476752
2.056 0.7902921
2.056 0.1222515
11.37268 0 -11.88427
2.30983 0 -0.9563914
-0.3749123 0 2.471728
2.064 0.7908456
2.064 0.1068406
11.43542 0 -11.90349
2.452807 0 -0.4834664
-0.3980437 0 2.468109
2.072 0.7913408
2.072 0.0955786
11.49591 0 -11.9087
2.498971 0 0.0717314
-0.4024615 0 2.467392
2.08 0.7917989
2.08 0.08843161
11.55414 0 -11.89999
2.408914 0 0.6686794
-0.3859963 0 2.470022
2.088 0.7922432
2.088 0.08575701
11.61009 0 -11.87665
2.174978 0 1.232668
-0.3530237 0 2.474949
2.096 0.7927006
2.096 0.08830241
11.66376 0 -11.83724
1.842922 0 1.689271
-0.3116311 0 2.480501
2.104 0.7932032
2.104 0.09698919
11.71514 0 -11.77948
1.487291 0 2.009469
-0.269316 0 2.485451
2.112 0.7937864
2.112 0.112583
11.76421 0 -11.7004
1.165442 0 2.211729
-0.2307372 0 2.489329
2.12 0.7944888
2.12 0.1355588
11.81096 0 -11.59628
0.9009765 0 2.332004
-0.1978221 0 2.492161
2.128 0.79535
2.128 0.1662287
11.85539 0 -11.46285
0.6943305 0 2.401646
-0.1707907 0 2.494159
2.136 0.7964113
2.136 0.2048378
11.89749 0 -11.29533
0.5365327 0 2.441748
-0.1490747 0 2.495551
2.144 0.7977147
2.144 0.2515967
11.93724 0 -11.08859
0.4169655 0 2.464983
-0.1318689 0 2.49652
2.152 0.7993033
2.152 0.3066344
11.97465 0 -10.83738
0.3263184 0 2.478612
-0.1183931 0 2.497195
2.16 0.8012198
2.16 0.3699203
12.0097 0 -10.5365
0.2572512 0 2.486729
-0.1079904 0 2.497666
2.168 0.8035056
2.168 0.4412106
12.04239 0 -10.181
0.2042325 0 2.491644
-0.1001513 0 2.497993
2.176 0.8061996
2.176 0.5199836
12.07271 0 -9.766445
0.1631707 0 2.494669
-0.0945079 0 2.498213
2.184 0.8093361
2.184 0.6054124
12.10065 0 -9.289181
0.1310569 0 2.496562
-0.09082421 0 2.49835
2.192 0.8129437
2.192 0.6963398
12.12621 0 -8.74652
0.1056761 0 2.497766
-0.08899146 0 2.498415
2.2 0.8170432
2.2 0.791284
12.14938 0 -8.136969
0.08538993 0 2.498541
-0.0890374 0 2.498414
2.208 0.8216462
2.208 0.8884585
12.17017 0 -7.460468
0.06897727 0 2.499048
-0.09115851 0 2.498338
2.216 0.8267536
2.216 0.9858074
12.18856 0 -6.71847
0.05551954 0 2.499383
-0.09579445 0 2.498164
2.224 0.8323544
2.224 1.081078
12.20455 0 -5.914054
0.04431785 0 2.499607
-0.1037883 0 2.497845
2.232 0.8384258
2.232 1.17188
12.21813 0 -5.051976
0.03483317 0 2.499757
-0.1167446 0 2.497273
2.24 0.8449317
2.24 1.255796
12.22932 0 -4.138588
0.02664267 0 2.499858
-0.1379145 0 2.496193
2.248 0.8518247
2.248 1.330468
12.2381 0 -3.181757
0.01940758 0 2.499925
-0.1747653 0 2.493884
2.256 0.8590452
2.256 1.39371
12.24447 0 -2.190646
0.01284889 0 2.499967
-0.2486366 0 2.487605
2.264 0.8665243
2.264 1.443606
12.24843 0 -1.175494
0.00672869 0 2.499991
-0.4528415 0 2.458645
2.272 0.8741847
2.272 1.478608
12.24998 0 -0.1472914
0.000835098 0 2.5
-2.06415 0 1.41042
2.28 0.8819436
2.28 1.497608
12.24911 0 0.8825552
-0.005030516 0 2.499995
-0.5945349 0 -2.428277
2.288 0.8897147
2.288 1.5
12.24584 0 1.902589
-0.01106515 0 2.499976
-0.2847185 0 -2.483734
2.296 0.8974119
2.296 1.485706
12.24016 0 2.901652
-0.01747568 0 2.499939
-0.1904207 0 -2.492738
2.304 0.904951
2.304 1.455184
12.23207 0 3.869264
-0.02449116 0 2.49988
-0.1463225 0 -2.495714
2.312 0.9122529
2.312 1.409403
12.22158 0 4.795929
-0.03237712 0 2.49979
-0.1217444 0 -2.497034
2.32 0.919246
2.32 1.349793
12.20867 0 5.673378
-0.04145309 0 2.499656
-0.1068842 0 -2.497714
2.328 0.925868
2.328 1.278174
12.19337 0 6.494825
-0.05211499 0 2.499457
-0.09768444 0 -2.498091
2.336 0.9320678
2.336 1.196665
12.17567 0 7.255048
-0.06486478 0 2.499158
-0.09219913 0 -2.498299
2.344 0.9378059
2.344 1.107583
12.15557 0 7.950482
-0.08035037 0 2.498708
-0.08941793 0 -2.4984
2.352 0.9430559
2.352 1.013343
12.13307 0 8.579218
-0.09942029 0 2.498022
-0.08880787 0 -2.498422
2.36 0.9478034
2.36 0.9163504
12.1082 0 9.140897
-0.1231991 0 2.496963
-0.0901132 0 -2.498375
2.368 0.952046
2.368 0.8189051
12.08093 0 9.636627
-0.1531919 0 2.495302
-0.09326261 0 -2.49826
2.376 0.9557923
2.376 0.7231299
12.05129 0 10.06876
-0.1914296 0 2.49266
-0.09832756 0 -2.498065
2.384 0.9590609
2.384 0.6308897
12.01928 0 10.44071
-0.2406681 0 2.488389
-0.1055078 0 -2.497773
2.392 0.9618781
2.392 0.5437572
11.98491 0 10.75671
-0.3046557 0 2.481368
-0.1151324 0 -2.497347
2.4 0.9642767
2.4 0.4629842
11.94817 0 11.02158
-0.3884735 0 2.469633
-0.1276695 0 -2.496738
2.408 0.9662946
2.408 0.3894891
11.90909 0 11.24049
-0.4989122 0 2.449712
-0.1437344 0 -2.495865
2.416 0.9679726
2.416 0.3238797
11.86766 0 11.41869
-0.644733 0 2.415433
-0.1640776 0 -2.49461
2.424 0.9693531
2.424 0.2664748
11.82389 0 11.56135
-0.8363419 0 2.355957
-0.1895147 0 -2.492806
2.432 0.9704792
2.432 0.2173581
11.7778 0 11.67338
-1.083709 0 2.252904
-0.2207226 0 -2.490237
2.44 0.9713933
2.44 0.1764401
11.72939 0 11.75921
-1.390259 0 2.077782
-0.2577846 0 -2.486674
2.448 0.9721369
2.448 0.143526
11.67867 0 11.82272
-1.740588 0 1.794534
-0.2993725 0 -2.482011
2.456 0.9727502
2.456 0.1183779
11.62566 0 11.86711
-2.086963 0 1.37644
-0.3416869 0 -2.47654
2.464 0.973272
2.464 0.100714
11.57036 0 11.89486
-2.355755 0 0.8369101
-0.377936 0 -2.471268
2.472 0.9737389
2.472 0.09011879
11.51278 0 11.90765
-2.488377 0 0.2407866
-0.3998104 0 -2.467823
2.48 0.9741839
2.48 0.08591157
11.45293 0 11.90639
-2.477833 0 -0.3321809
-0.4014342 0 -2.46756
2.488 0.9746356
2.488 0.08718518
11.39083 0 11.89122
-2.35798 0 -0.8306191
-0.3830679 0 -2.470478
2.496 0.975118
2.496 0.09310932
11.32649 0 11.86154
-2.171952 0 -1.237993
-0.3507879 0 -2.475267
2.504 0.9756527
2.504 0.1032065
11.25992 0 11.81607
-1.95531 0 -1.557807
-0.3125836 0 -2.480381
2.512 0.976261
2.512 0.1174122
11.19114 0 11.75299
-1.733386 0 -1.801492
-0.2747819 0 -2.484853
2.52 0.9769653
2.52 0.1359401
11.12015 0 11.66996
-1.522642 0 -1.982816
-0.2409174 0 -2.488365
2.528 0.9777896
2.528 0.1591084
11.04697 0 11.56432
-1.332348 0 -2.115384
-0.2123036 0 -2.490969
2.536 0.9787594
2.536 0.1871856
10.97163 0 11.43316
-1.166348 0 -2.211251
-0.1889912 0 -2.492846
2.544 0.9799009
2.544 0.2203186
10.89412 0 11.27352
-1.024884 0 -2.280266
-0.1704879 0 -2.49418
2.552 0.9812399
2.552 0.2584668
10.81446 0 11.08255
-0.9061682 0 -2.329991
-0.1561643 0 -2.495118
2.56 0.9828014
2.56 0.301383
10.73268 0 10.85761
-0.8075297 0 -2.365987
-0.1454436 0 -2.495766
2.568 0.9846076
2.568 0.3486174
10.64879 0 10.59647
-0.7261095 0 -2.39223
-0.1378795 0 -2.496195
2.576 0.9866773
2.576 0.3995022
10.5628 0 10.29745
-0.6592309 0 -2.411517
-0.1331847 0 -2.49645
2.584 0.9890251
2.584 0.4531833
10.47474 0 9.959524
-0.6045567 0 -2.425801
-0.1312492 0 -2.496552
2.592 0.9916602
2.592 0.5086285
10.38461 0 9.582471
-0.5601289 0 -2.436443
-0.1321716 0 -2.496504
2.6 0.9945858
2.6 0.5646638
10.29244 0 9.16689
-0.5243517 0 -2.444393
-0.1363254 0 -2.49628
2.608 0.9977978
2.608 0.6200114
10.19824 0 8.714293
-0.4959505 0 -2.450313
-0.1445019 0 -2.49582
2.616 1.001286
2.616 0.6733382
10.10204 0 8.227116
-0.4739278 0 -2.454668
-0.1582192 0 -2.494988
2.624 1.005033
2.624 0.7232936
10.00385 0 7.708654
-0.4575208 0 -2.457778
-0.1804376 0 -2.49348
2.632 1.009015
2.632 0.7685724
9.903686 0 7.163056
-0.4461675 0 -2.459865
-0.2174348 0 -2.490526
2.64 1.013201
2.64 0.8079625
9.801577 0 6.595186
-0.4394804 0 -2.461068
-0.2847663 0 -2.483729
2.648 1.017555
2.648 0.8403871
9.697538 0 6.010527
-0.4372293 0 -2.461469
-0.4332632 0 -2.46217
2.656 1.022036
2.656 0.8649443
9.591593 0 5.415052
-0.4393319 0 -2.461095
-0.9593874 0 -2.308588
2.664 1.0266
2.664 0.8809441
9.48376 0 4.815047
-0.4458539 0 -2.459922
-1.739411 0 1.795676
2.672 1.031201
2.672 0.8879204
9.374059 0 4.216977
-0.45702 0 -2.457872
-0.535952 0 2.441875
2.68 1.035789
2.68 0.8856442
9.262515 0 3.627294
-0.4732361 0 -2.454801
-0.3066768 0 2.481119
2.688 1.040318
2.688 0.8741181
9.149148 0 3.052331
-0.495131 0 -2.450479
-0.2153458 0 2.490708
2.696 1.04474
2.696 0.8535638
9.033981 0 2.498171
-0.5236206 0 -2.444549
-0.1671452 0 2.494406
2.704 1.049011
2.704 0.8244007
8.917035 0 1.970497
-0.5600109 0 -2.436471
-0.1378012 0 2.496199
2.712 1.053089
2.712 0.7872161
8.798335 0 1.474575
-0.6061601 0 -2.425401
-0.1183315 0 2.497198
2.72 1.056937
2.72 0.7427332
8.677904 0 1.015135
-0.6647362 0 -2.410005
-0.1046487 0 2.497809
2.728 1.060521
2.728 0.6917846
8.555765 0 0.5964172
-0.7396343 0 -2.388083
-0.0946246 0 2.498209
2.736 1.063812
2.736 0.6352892
8.431942 0 0.2221096
-0.8366602 0 -2.355844
-0.08703978 0 2.498484
2.744 1.066788
2.744 0.5742475
8.30646 0 -0.1046085
-0.9646407 0 -2.306397
-0.08114329 0 2.498683
2.752 1.069429
2.752 0.5097652
8.179344 0 -0.3810251
-1.137103 0 -2.226432
-0.07644665 0 2.498831
2.76 1.071725
2.76 0.4431441
8.050617 0 -0.604862
-1.374 0 -2.08857
-0.07261937 0 2.498945
2.768 1.073673
2.768 0.3760934
7.920308 0 -0.7742167
-1.698719 0 -1.834217
-0.06943262 0 2.499036
2.776 1.075286
2.776 0.311232
7.788439 0 -0.8874869
-2.106472 0 -1.346394
-0.06672758 0 2.499109
2.784 1.076597
2.784 0.2532018
7.655037 0 -0.9433794
-2.451465 0 -0.4902258
-0.0643971 0 2.499171
2.792 1.077689
2.792 0.210668
7.52013 0 -0.9408259
-2.432939 0 0.5751597
-0.0623745 0 2.499222
2.8 1.078707
2.8 0.1965313
7.383742 0 -0.8790004
-2.078212 0 1.389617
-0.06062637 0 2.499265
2.808 1.079837
2.808 0.2181101
7.245901 0 -0.7572937
-1.685494 0 1.846377
-0.05914787 0 2.4993
2.816 1.081224
2.816 0.2678281
7.106634 0 -0.5753636
-1.377046 0 2.086563
-0.05795977 0 2.499328
2.824 1.082953
2.824 0.3337141
6.96597 0 -0.3331602
-1.151926 0 2.218798
-0.05710736 0 2.499348
2.832 1.085067
2.832 0.4079592
6.823934 0 -0.03099203
-0.9874684 0 2.296716
-0.05666222 0 2.499358
2.84 1.087587
2.84 0.4863078
6.680555 0 0.3303564
-0.8650657 0 2.345562
-0.05672846 0 2.499356
2.848 1.09052
2.848 0.5662348
6.535862 0 0.7495749
-0.7721742 0 2.377761
-0.05745668 0 2.49934
2.856 1.093867
2.856 0.6459472
6.389883 0 1.224678
-0.7006156 0 2.39982
-0.05907168 0 2.499302
2.864 1.097617
2.864 0.7239245
6.242646 0 1.752902
-0.6450245 0 2.415356
-0.06192815 0 2.499233
2.872 1.101755
2.872 0.7987078
6.094181 0 2.330627
-0.6018302 0 2.426479
-0.06662701 0 2.499112
2.88 1.106256
2.88 0.8688129
5.944516 0 2.953255
-0.5686326 0 2.434473
-0.07428373 0 2.498896
2.888 1.111088
2.888 0.932696
5.793682 0 3.615136
-0.5438246 0 2.440134
-0.08723906 0 2.498477
2.896 1.116211
2.896 0.9887672
5.641707 0 4.309587
-0.526365 0 2.44396
-0.1113845 0 2.497518
2.904 1.121575
2.904 1.035419
5.488623 0 5.028845
-0.5156459 0 2.446244
-0.1669785 0 2.494417
2.912 1.127124
2.912 1.071083
5.334458 0 5.764159
-0.5114232 0 2.44713
-0.3992718 0 2.467911
2.92 1.132794
2.92 1.094296
5.179244 0 6.505907
-0.5137968 0 2.446633
-0.6354597 0 -2.41789
2.928 1.138512
2.928 1.103774
5.02301 0 7.243732
-0.5232338 0 2.444632
-0.1672248 0 -2.494401
2.936 1.144203
2.936 1.098493
4.865788 0 7.966796
-0.5406431 0 2.440841
-0.09256531 0 -2.498286
2.944 1.149787
2.944 1.077769
4.707609 0 8.664025
-0.5675201 0 2.434732
-0.06279648 0 -2.499211
2.952 1.155182
2.952 1.041334
4.548503 0 9.324412
-0.6061998 0 2.425391
-0.04710747 0 -2.499556
2.96 1.160308
2.96 0.9893992
4.388502 0 9.937377
-0.6602946 0 2.411226
-0.03762256 0 -2.499717
2.968 1.165088
2.968 0.9227048
4.227637 0 10.49304
-0.7354585 0 2.389372
-0.03141705 0 -2.499803
2.976 1.169454
2.976 0.8425779
4.065941 0 10.98263
-0.8407454 0 2.354389
-0.02716068 0 -2.499852
2.984 1.173344
2.984 0.7509815
3.903444 0 11.39871
-0.9910076 0 2.295192
-0.02416656 0 -2.499883
2.992 1.176715
2.992 0.6506083
3.74018 0 11.73548
-1.210696 0 2.187285
-0.02204949 0 -2.499903
3 1.179539
3 0.5451211
3.576179 0 11.98898
-1.536258 0 1.972286
-0.02058285 0 -2.499915
3.008 1.181817
3.008 0.439748
3.411474 0 12.15715
-1.990846 0 1.512128
-0.01963223 0 -2.499923
3.016 1.183594
3.016 0.3428665
3.246099 0 12.24002
-2.427838 0 0.5963259
-0.01912315 0 -2.499927
3.024 1.184989
3.024 0.2694207
3.080084 0 12.23953
-2.427252 0 -0.5987053
-0.0190265 0 -2.499928
3.032 1.186242
3.032 0.2418051
2.913463 0 12.15956
-2.041361 0 -1.443207
-0.01935557 0 -2.499925
3.04 1.187637
3.04 0.2691994
2.746269 0 12.00565
-1.65981 0 -1.8695
-0.02017453 0 -2.499919
3.048 1.189352
3.048 0.3309901
2.578535 0 11.78487
-1.388507 0 -2.078954
-0.02162496 0 -2.499907
3.056 1.191444
3.056 0.4038403
2.410293 0 11.50552
-1.206912 0 -2.189375
-0.02399097 0 -2.499885
3.064 1.193905
3.064 0.4749778
2.241577 0 11.1768
-1.08632 0 -2.251646
-0.02786814 0 -2.499845
3.072 1.196693
3.072 0.5381768
2.07242 0 10.80853
-1.007407 0 -2.288041
-0.03467823 0 -2.499759
3.08 1.199751
3.08 0.5902709
1.902855 0 10.41087
-0.9584545 0 -2.308975
-0.04875783 0 -2.499525
3.088 1.203013
3.088 0.6296644
1.732916 0 9.993987
-0.9325436 0 -2.319561
-0.09239603 0 -2.498292
3.096 1.20641
3.096 0.6557071
1.562635 0 9.567851
-0.9257645 0 -2.322275
-1.763872 0 1.771653
3.104 1.209873
3.104 0.6683971
1.392047 0 9.141973
-0.9362221 0 -2.318079
-0.07429212 0 2.498896
3.112 1.213335
3.112 0.6682159
1.221185 0 8.725242
-0.9635341 0 -2.30686
-0.03460447 0 2.499761
3.12 1.216734
3.12 0.6560138
1.050083 0 8.3258
-1.008634 0 -2.2875
-0.02095539 0 2.499912
3.128 1.220013
3.128 0.6329255
0.8787742 0 7.950941
-1.073786 0 -2.25765
-0.01393048 0 2.499961
3.136 1.223123
3.136 0.6003118
0.7072923 0 7.607033
-1.162752 0 -2.213145
-0.009537572 0 2.499982
3.144 1.226023
3.144 0.5597284
0.5356713 0 7.299524
-1.281018 0 -2.146856
-0.006427393 0 2.499992
3.152 1.22868
3.152 0.5129197
0.3639449 0 7.032947
-1.435798 0 -2.046579
-0.004013668 0 2.499997
3.16 1.231073
3.16 0.4618675
0.1921469 0 6.810904
-1.634815 0 -1.891396
-0.001996737 0 2.499999
3.168 1.233191
3.168 0.4089093
0.02031111 0 6.636142
-1.88107 0 -1.646686
-0.0002029377 0 2.5
3.176 1.235041
3.176 0.3569876
-0.1515287 0 6.510546
-2.157571 0 -1.262889
0.001480856 0 2.5
3.184 1.236647
3.184 0.3100149
-0.3233387 0 6.435227
-2.400379 0 -0.6986986
0.00313836 0 2.499998
3.192 1.238063
3.192 0.2732361
-0.4950851 0 6.410527
-2.499987 0 0.008069944
0.004841317 0 2.499995
3.2 1.239372
3.2 0.2527252
-0.666734 0 6.436087
-2.398725 0 0.7043574
0.006661662 0 2.499991
3.208 1.240682
3.208 0.2527675
-0.8382518 0 6.51083
-2.166018 0 1.248346
0.008682792 0 2.499985
3.216 1.242093
3.216 0.2725088
-1.009605 0 6.633012
-1.907116 0 1.616449
0.01101347 0 2.499976
3.224 1.243681
3.224 0.3065295
-1.180759 0 6.800239
-1.678537 0 1.852704
0.01380902 0 2.499962
3.232 1.245487
3.232 0.348528
-1.35168 0 7.009481
-1.494294 0 2.004267
0.01730875 0 2.49994
3.24 1.247526
3.24 0.3935218
-1.522336 0 7.257092
-1.351207 0 2.103387
0.02190946 0 2.499904
3.248 1.249795
3.248 0.4380094
-1.692692 0 7.538841
-1.242165 0 2.169568
0.02832714 0 2.49984
3.256 1.25228
3.256 0.4795538
-1.862715 0 7.849937
-1.160565 0 2.214292
0.03800343 0 2.499711
3.264 1.254955
3.264 0.5163812
-2.032372 0 8.185109
-1.101321 0 2.244347
0.05433858 0 2.499409
3.272 1.25779
3.272 0.5471683
-2.201629 0 8.538655
-1.060835 0 2.263764
0.08771674 0 2.498461
3.28 1.260747
3.28 0.570913
-2.370452 0 8.904518
-1.036746 0 2.274898
0.192153 0 2.492604
3.288 1.263788
3.288 0.5868864
-2.538809 0 9.276423
-1.027704 0 2.278996
2.056106 0 -1.422121
3.296 1.266869
3.296 0.5946081
-2.706666 0 9.647985
-1.033225 0 2.276499
0.197901 0 -2.492155
3.304 1.269945
3.304 0.5938527
-2.873991 0 10.01285
-1.053613 0 2.267135
0.1096607 0 -2.497594
3.312 1.272974
3.312 0.5846612
-3.04075 0 10.36487
-1.089956 0 2.249888
0.0799261 0 -2.498722
3.32 1.275914
3.32 0.5673459
-3.206911 0 10.69823
-1.144169 0 2.222808
0.06564054 0 -2.499138
3.328 1.278724
3.328 0.5425127
-3.372441 0 11.00761
-1.219063 0 2.182633
0.05781209 0 -2.499331
3.336 1.281372
3.336 0.5110661
-3.537307 0 11.28837
-1.318339 0 2.124143
0.05342759 0 -2.499429
3.344 1.283829
3.344 0.4742223
-3.701477 0 11.53664
-1.446324 0 2.039154
0.05123332 0 -2.499475
3.352 1.286075
3.352 0.4335173
-3.864918 0 11.74945
-1.606939 0 1.915137
0.05066374 0 -2.499487
3.36 1.2881
3.36 0.3908353
-4.027599 0 11.92483
-1.80093 0 1.73397
0.05149 0 -2.49947
3.368 1.289905
3.368 0.3484185
-4.189488 0 12.06182
-2.020038 0 1.472904
0.05369412 0 -2.499423
3.376 1.291505
3.376 0.3088889
-4.350552 0 12.16052
-2.238714 0 1.112727
0.05743768 0 -2.49934
3.384 1.292931
3.384 0.2751386
-4.51076 0 12.22205
-2.411962 0 0.6576008
0.06309205 0 -2.499204
3.392 1.294226
3.392 0.2499638
-4.67008 0 12.24849
-2.495243 0 0.1541506
0.07134154 0 -2.498982
3.4 1.295444
3.4 0.2352281
-4.828482 0 12.2428
-2.479063 0 -0.3228717
0.08342214 0 -2.498608
3.408 1.29664
3.408 0.2308643
-4.985933 0 12.20871
-2.395378 0 -0.7156569
0.1016814 0 -2.497931
3.416 1.297856
3.416 0.234647
-5.142403 0 12.15055
-2.288327 0 -1.006757
0.1310537 0 -2.496562
3.424 1.299116
3.424 0.2431371
-5.297861 0 12.07313
-2.189761 0 -1.206211
0.1837867 0 -2.493235
3.432 1.300426
3.432 0.2529487
-5.452276 0 11.98159
-2.115787 0 -1.331707
0.30044 0 -2.481882
3.44 1.301781
3.44 0.2614623
-5.605618 0 11.88118
-2.072483 0 -1.398147
0.7327762 0 -2.390197
3.448 1.303164
3.448 0.266968
-5.757858 0 11.77716
-2.061181 0 -1.414755
1.506473 0 1.995129
3.456 1.304555
3.456 0.268558
-5.908965 0 11.67462
-2.081224 0 -1.385102
0.4542729 0 2.458381
3.464 1.305933
3.464 0.2659844
-6.058908 0 11.57833
-2.13068 0 -1.307747
0.2781065 0 2.484483
3.472 1.307278
3.472 0.2595496
-6.207659 0 11.49264
-2.20558 0 -1.177038
0.210375 0 2.491133
3.48 1.308573
3.48 0.2500319
-6.35519 0 11.42137
-2.297916 0 -0.9846745
0.1768323 0 2.493738
3.488 1.30981
3.488 0.2386423
-6.501469 0 11.36768
-2.393043 0 -0.723425
0.1589463 0 2.494942
3.496 1.310986
3.496 0.2269592
-6.646469 0 11.334
-2.468719 0 -0.3942412
0.1501803 0 2.495485
3.504 1.312109
3.504 0.2168174
-6.79016 0 11.32199
-2.499956 0 -0.01478952
0.1479959 0 2.495616
3.512 1.313197
3.512 0.2100215
-6.932517 0 11.33243
-2.471148 0 0.378717
0.151751 0 2.49539
3.52 1.314274
3.52 0.2079019
-7.073508 0 11.36523
-2.386848 0 0.7436101
0.1622482 0 2.49473
3.528 1.315366
3.528 0.2108411
-7.213107 0 11.41934
-2.269302 0 1.048937
0.1822461 0 2.493348
3.536 1.316496
3.536 0.2180757
-7.351287 0 11.49281
-2.145438 0 1.283392
0.2186667 0 2.490418
3.544 1.317677
3.544 0.2279364
-7.488021 0 11.58267
-2.036517 0 1.450034
0.290847 0 2.483024
3.552 1.318912
3.552 0.2383114
-7.623281 0 11.68502
-1.955935 0 1.557022
0.4745431 0 2.454549
3.56 1.320192
3.56 0.2470634
-7.757041 0 11.79507
-1.911842 0 1.610857
1.486225 0 2.010257
3.568 1.321499
3.568 0.2522861
-7.889275 0 11.90711
-1.910566 0 1.61237
0.8271598 0 -2.359196
3.576 1.322807
3.576 0.252444
-8.019956 0 12.01468
-1.95908 0 1.553064
0.3366669 0 -2.477227
3.584 1.324084
3.584 0.2465194
-8.149058 0 12.11057
-2.065178 0 1.408914
0.2064635 0 -2.49146
3.592 1.325298
3.592 0.2342437
-8.276557 0 12.18709
-2.230406 0 1.129288
0.1479496 0 -2.495618
3.6 1.32642
3.6 0.2165808
-8.402429 0 12.23612
-2.419491 0 0.6293374
0.115426 0 -2.497334
3.608 1.327439
3.608 0.1967505
-8.526645 0 12.24937
-2.495532 0 -0.1494046
0.09521967 0 -2.498186
3.616 1.328382
3.616 0.181952
-8.649184 0 12.21864
-2.275212 0 -1.036056
0.08184903 0 -2.49866
3.624 1.329335
3.624 0.1840115
-8.770022 0 12.13598
-1.834248 0 -1.698686
0.07271116 0 -2.498942
3.632 1.33044
3.632 0.2132334
-8.889132 0 11.99409
-1.406493 0 -2.066828
0.06643248 0 -2.499117
3.64 1.331838
3.64 0.2698327
-9.006495 0 11.78649
-1.082997 0 -2.253246
0.06224304 0 -2.499225
3.648 1.333637
3.648 0.3473515
-9.122085 0 11.50784
-0.8538604 0 -2.349664
0.05970646 0 -2.499287
3.656 1.335914
3.656 0.4393966
-9.23588 0 11.15418
-0.6916866 0 -2.402409
0.05859507 0 -2.499313
3.664 1.338717
3.664 0.541124
-9.347857 0 10.72314
-0.5748236 0 -2.433018
0.05883437 0 -2.499308
3.672 1.342078
3.672 0.6486548
-9.457994 0 10.21412
-0.4888203 0 -2.451745
0.06048881 0 -2.499268
3.68 1.346008
3.68 0.7585646
-9.566272 0 9.628349
-0.4243139 0 -2.463728
0.06378283 0 -2.499186
3.688 1.350503
3.688 0.8676391
-9.672666 0 8.968981
-0.3751856 0 -2.471687
0.06916919 0 -2.499043
3.696 1.355543
3.696 0.9728181
-9.777157 0 8.240976
-0.3373565 0 -2.477134
0.07748538 0 -2.498799
3.704 1.361093
3.704 1.071218
-9.879723 0 7.451055
-0.3080481 0 -2.480949
0.09031225 0 -2.498368
3.712 1.367103
3.712 1.160196
-9.980346 0 6.607461
-0.2853302 0 -2.483664
0.1108818 0 -2.49754
3.72 1.373514
3.72 1.237427
-10.079 0 5.719707
-0.2678406 0 -2.485611
0.1468091 0 -2.495686
3.728 1.380255
3.728 1.300994
-10.17568 0 4.798291
-0.2546067 0 -2.487001
0.2209904 0 -2.490213
3.736 1.387246
3.736 1.349433
-10.27035 0 3.854336
-0.2449321 0 -2.487973
0.446321 0 -2.459837
3.744 1.394404
3.744 1.381796
-10.363 0 2.899232
-0.2383206 0 -2.488615
2.487804 0 0.2466375
3.752 1.401646
3.752 1.397663
-10.45362 0 1.944295
-0.2344272 0 -2.488985
0.454689 0 2.458304
3.76 1.408884
3.76 1.397137
-10.54217 0 1.000423
-0.233025 0 -2.489116
0.2421136 0 2.488249
3.768 1.416038
3.768 1.380815
-10.62865 0 0.07778883
-0.2339839 0 -2.489026
0.1707722 0 2.494161
3.776 1.42303
3.776 1.349733
-10.71304 0 -0.8143961
-0.2372587 0 -2.488716
0.1362923 0 2.496282
3.784 1.429793
3.784 1.30529
-10.79532 0 -1.668079
-0.2428838 0 -2.488173
0.1168822 0 2.497266
3.792 1.436265
3.792 1.249169
-10.87548 0 -2.476484
-0.2509741 0 -2.48737
0.1051991 0 2.497786
3.8 1.442395
3.8 1.183235
-10.9535 0 -3.234186
-0.2617346 0 -2.486261
0.09809579 0 2.498075
3.808 1.448143
3.808 1.109447
-11.02936 0 -3.937106
-0.275478 0 -2.484776
0.09401069 0 2.498232
3.816 1.453478
3.816 1.029764
-11.10305 0 -4.582448
-0.292657 0 -2.482811
0.09208785 0 2.498303
3.824 1.458379
3.824 0.946064
-11.17456 0 -5.168601
-0.3139177 0 -2.480213
0.09182028 0 2.498313
3.832 1.462835
3.832 0.8600748
-11.24386 0 -5.69499
-0.3401896 0 -2.476746
0.09288367 0 2.498274
3.84 1.466841
3.84 0.7733219
-11.31096 0 -6.161932
-0.3728387 0 -2.472042
0.09504847 0 2.498193
3.848 1.470401
3.848 0.6870917
-11.37583 0 -6.570402
-0.4139404 0 -2.465492
0.09812754 0 2.498073
3.856 1.473522
3.856 0.6024134
-11.43846 0 -6.921921
-0.4667873 0 -2.456035
0.1019414 0 2.497921
3.864 1.476216
3.864 0.5200527
-11.49884 0 -7.218289
-0.5368981 0 -2.441668
0.1062944 0 2.497739
3.872 1.478499
3.872 0.4405399
-11.55695 0 -7.461486
-0.6341838 0 -2.418225
0.1109607 0 2.497536
3.88 1.480386
3.88 0.3641983
-11.61279 0 -7.653488
-0.7780724 0 -2.375837
0.1156819 0 2.497322
3.888 1.481894
3.888 0.2912387
-11.66635 0 -7.796131
-1.010976 0 -2.286466
0.1201794 0 2.49711
3.896 1.483044
3.896 0.2219295
-11.71761 0 -7.891052
-1.434434 0 -2.047535
0.1241807 0 2.496914
3.904 1.483858
3.904 0.1571253
-11.76657 0 -7.939584
-2.202002 0 -1.183717
0.1274582 0 2.496749
3.912 1.484378
3.912 0.1004008
-11.81321 0 -7.942722
-2.301328 0 0.976673
0.1298678 0 2.496624
3.92 1.484731
3.92 0.06808665
-11.85752 0 -7.901149
-1.400699 0 2.070759
0.1313778 0 2.496546
3.928 1.48519
3.928 0.08850605
-11.8995 0 -7.815207
-0.8832103 0 2.33879
0.1320761 0 2.496509
3.936 1.485912
3.936 0.1393102
-11.93914 0 -7.684989
-0.6118942 0 2.423961
0.1321571 0 2.496505
3.944 1.486939
3.944 0.1982597
-11.97644 0 -7.510386
-0.451062 0 2.458972
0.1318926 0 2.496519
3.952 1.488286
3.952 0.2600579
-12.01137 0 -7.291163
-0.3459041 0 2.475955
0.1316002 0 2.496534
3.96 1.489961
3.96 0.3233294
-12.04394 0 -7.027113
-0.2722341 0 2.485134
0.1316191 0 2.496533
3.968 1.491969
3.968 0.3875119
-12.07414 0 -6.71812
-0.2180121 0 2.490476
0.1323011 0 2.496497
3.976 1.494312
3.976 0.452191
-12.10196 0 -6.364331
-0.176617 0 2.493753
0.1340188 0 2.496405
3.984 1.49699
3.984 0.5168989
-12.12741 0 -5.966216
-0.1441074 0 2.495843
0.1371939 0 2.496233
3.992 1.5
3.992 0.5810468
